(0,((((((((1,((2,3),4)),(5,6)),(((7,(8,9)),10),((11,((((12,13),(14,15)),16),17)),((18,19),(20,21))))),(22,23)),(((24,25),26),((27,28),(29,((30,31),((((32,33),(34,(35,(36,37)))),(38,(39,((40,41),42)))),43)))))),44),45),46));
(0,((45,((11,(((16,1),(((12,13),(14,15)),17)),(5,((7,(6,(10,(((((3,2),4),(22,23)),(8,9)),20)))),(18,(19,(21,((37,(((35,43),(((34,36),((30,31),(39,((40,41),42)))),((32,33),29))),38)),(((24,25),26),(27,28)))))))))),44)),46));
(0,(((((((((1,2),(3,((4,(((5,6),(7,8)),(9,10))),(11,12)))),13),(((14,15),16),((17,(18,(19,((20,21),(22,23))))),((24,25),((((26,27),28),(29,(30,((31,32),33)))),34))))),35),36),(37,38)),39),40));
(0,((39,((37,38),((((((((5,6),(7,8)),9),((4,10),((1,2),(12,11)))),(3,13)),(16,(((17,18),((20,21),(19,(22,23)))),(((34,(((((31,32),33),29),30),(28,(26,27)))),(24,25)),(14,15))))),35),36))),40));
(0,((((((((((1,2),(3,4)),(((5,(6,7)),8),((9,((((10,11),12),13),14)),((15,16),(17,18))))),(19,20)),((21,22),((23,(24,25)),(26,((27,28),29))))),(30,31)),32),33),(34,35)),36));
(0,((((((((((((10,11),12),13),(9,14)),(((((1,(2,3)),4),(((5,(6,7)),8),(19,20))),(15,16)),(17,18))),(((27,28),29),26)),(30,31)),(25,((23,24),(21,22)))),32),33),(34,35)),36));
(0,((((((1,((2,3),4)),(5,6)),(((7,(8,9)),10),((11,((((12,13),(14,15)),16),17)),((18,19),(20,21))))),(22,23)),((24,25),((26,27),((28,29),((30,(31,32)),33))))),34));
(0,((((21,((7,(8,9)),10)),(((16,((18,19),(22,23))),20),((17,(((12,13),(14,15)),11)),(((3,(2,4)),(5,6)),1)))),((26,(27,(24,25))),(((31,32),(33,30)),(28,29)))),34));
(0,(((((1,2),(((3,4),5),(((6,7),8),9))),(10,((11,(12,13)),(14,((15,16),17))))),18),19));
(0,((18,(11,(5,(((3,4),((((6,7),8),9),((12,13),((16,((17,14),15)),10)))),(1,2))))),19));
(0,(1,(2,((((((3,4),(5,6)),((7,8),((9,10),(11,12)))),(13,14)),((15,16),(((17,(((((18,19),20),21),22),(23,(24,25)))),(26,27)),(28,29)))),30))));
(0,((2,((7,((((3,4),(5,6)),8),((13,((9,10),14)),(12,(11,(((17,((23,((26,27),(22,((18,19),20)))),(24,25))),21),((28,29),(15,16)))))))),30)),1));
(0,((1,(2,((((((3,4),5),((6,7),(8,(9,10)))),(11,12)),(((13,14),15),(((16,17),18),19))),20))),21));
(0,((((((((((3,4),5),(6,7)),((8,(11,12)),(10,9))),((16,17),18)),20),(15,((13,14),19))),2),1),21));
(0,(1,(((((2,3),(4,5)),((6,7),(8,(9,10)))),(11,12)),((13,14),(((15,(16,17)),(18,19)),(20,21))))));
(0,(((11,(((10,9),12),((7,(((2,3),(4,5)),6)),8))),((13,(14,(20,21))),(((16,17),15),(18,19)))),1));
(0,(1,(((((2,3),4),5),((6,(7,8)),(((9,(10,11)),12),13))),14)));
(0,((14,(6,((((2,3),4),5),((7,8),((11,((9,12),10)),13))))),1));
(0,((((((((1,2),3),4),(5,6)),((((((7,8),9),(((10,(11,12)),13),(14,15))),16),(17,18)),(19,20))),(((21,22),23),24)),(25,(26,(27,28)))),29));
(0,((5,(((16,4),(((1,2),3),6)),(8,((10,(9,(13,(((7,(14,15)),(11,12)),19)))),(17,(18,(20,((24,((21,22),23)),((27,28),(26,25)))))))))),29));
(0,((((((((1,2),3),4),(5,6)),(((((7,(8,9)),10),(((11,(12,13)),14),(15,16))),(17,18)),(19,20))),((21,22),23)),(24,25)),26));
(0,((((20,((11,(12,13)),14)),(((4,((17,18),(15,16))),19),((6,(((1,2),3),5)),((7,8),(9,10))))),((24,25),((21,22),23))),26));
(0,((((((1,2),3),((4,5),((6,7),8))),9),(10,11)),12));
(0,((10,(8,(((6,7),(((1,2),3),(9,11))),(4,5)))),12));
(0,((((1,((2,(3,4)),5)),(((6,((7,8),(9,10))),11),((12,(((13,14),(15,16)),17)),(((18,19),(20,21)),22)))),((23,24),(((25,26),(27,28)),(29,30)))),31));
(0,((17,(((6,22),(((13,14),(15,16)),12)),(20,((2,(21,(5,((((18,19),(9,10)),(3,4)),11)))),(7,(8,(1,((27,(28,((29,30),(25,26)))),(23,24))))))))),31));
(0,((((1,2),3),(((4,5),6),(7,8))),(9,10)));
(0,(3,(((1,2),(((4,5),6),(10,9))),(7,8))));
(0,(1,(2,(3,(((4,5),(((6,7),8),((9,((10,11),12)),13))),(14,15))))));
(0,((((6,7),8),(14,((15,(3,(4,5))),(((11,10),(12,9)),(13,2))))),1));
